[gd_scene format=3]

[sub_resource type="StandardMaterial3D" id="FactionBlue"]
albedo_color = Color(0.1764706, 0.32156864, 0.6784314, 1)
roughness = 0.82

[sub_resource type="StandardMaterial3D" id="UniformDark"]
albedo_color = Color(0.12, 0.14, 0.11, 1)
roughness = 0.9

[sub_resource type="StandardMaterial3D" id="Skin"]
albedo_color = Color(0.74, 0.56, 0.39, 1)
roughness = 0.8

[sub_resource type="StandardMaterial3D" id="MetalDark"]
albedo_color = Color(0.08, 0.08, 0.085, 1)
metallic = 0.15
roughness = 0.65

[sub_resource type="BoxMesh" id="Torso"]
material = SubResource("FactionBlue")
size = Vector3(0.72, 1.08, 0.46)

[sub_resource type="BoxMesh" id="Head"]
material = SubResource("Skin")
size = Vector3(0.38, 0.34, 0.38)

[sub_resource type="BoxMesh" id="Helmet"]
material = SubResource("UniformDark")
size = Vector3(0.46, 0.16, 0.46)

[sub_resource type="BoxMesh" id="Arm"]
material = SubResource("UniformDark")
size = Vector3(0.20, 0.66, 0.22)

[sub_resource type="BoxMesh" id="Leg"]
material = SubResource("UniformDark")
size = Vector3(0.24, 0.55, 0.24)

[sub_resource type="BoxMesh" id="Machete"]
material = SubResource("MetalDark")
size = Vector3(0.16, 0.08, 0.78)

[node name="LowPolyInfantryMelee" type="Node3D"]

[node name="FactionTintTorso" type="MeshInstance3D" parent="." groups=["faction_tint"]]
transform = Transform3D(1, 0, 0, 0, 1, 0, 0, 0, 1, 0, 1.05, 0)
mesh = SubResource("Torso")

[node name="Head" type="MeshInstance3D" parent="."]
transform = Transform3D(1, 0, 0, 0, 1, 0, 0, 0, 1, 0, 1.78, 0)
mesh = SubResource("Head")

[node name="Helmet" type="MeshInstance3D" parent="."]
transform = Transform3D(1, 0, 0, 0, 1, 0, 0, 0, 1, 0, 1.99, 0)
mesh = SubResource("Helmet")

[node name="LeftArm" type="MeshInstance3D" parent="."]
transform = Transform3D(0.9659258, 0, -0.25881904, 0, 1, 0, 0.25881904, 0, 0.9659258, -0.48, 1.08, -0.04)
mesh = SubResource("Arm")

[node name="RightArm" type="MeshInstance3D" parent="."]
transform = Transform3D(0.9063078, 0, 0.42261827, 0, 1, 0, -0.42261827, 0, 0.9063078, 0.48, 1.08, -0.04)
mesh = SubResource("Arm")

[node name="LeftLeg" type="MeshInstance3D" parent="."]
transform = Transform3D(1, 0, 0, 0, 1, 0, 0, 0, 1, -0.18, 0.36, 0)
mesh = SubResource("Leg")

[node name="RightLeg" type="MeshInstance3D" parent="."]
transform = Transform3D(1, 0, 0, 0, 1, 0, 0, 0, 1, 0.18, 0.36, 0)
mesh = SubResource("Leg")

[node name="MacheteSilhouette" type="MeshInstance3D" parent="."]
transform = Transform3D(0.81915206, 0, 0.57357645, 0, 1, 0, -0.57357645, 0, 0.81915206, 0.48, 1.14, -0.36)
mesh = SubResource("Machete")
