[gd_scene format=3 uid="uid://bjxq6qeucgwg2"]

[ext_resource type="Script" uid="uid://sve0lqjf648a" path="res://scenes/units/enemy_base.gd" id="1_qty17"]
[ext_resource type="AudioStream" uid="uid://bbvyoxplc03i1" path="res://assets/sounds/death_male.wav" id="2_pkqou"]
[ext_resource type="Script" uid="uid://b88k4iy1p66m3" path="res://scripts/components/health_component.gd" id="3_satqt"]
[ext_resource type="PackedScene" path="res://assets/models/units/low_poly_infantry_melee.tscn" id="4_q7fp8"]
[ext_resource type="PackedScene" uid="uid://cbse0ei1osbb0" path="res://scenes/weapons/weapon_base.tscn" id="5_pistol"]
[ext_resource type="PackedScene" uid="uid://clup8btwwqpeq" path="res://scenes/weapons/weapon_shotgun.tscn" id="6_shotgun"]
[ext_resource type="PackedScene" uid="uid://cv77uh1qgimdq" path="res://scenes/weapons/weapon_rifle.tscn" id="7_rifle"]
[ext_resource type="AudioStream" uid="uid://csgok45ic8p5f" path="res://assets/sounds/grunt.ogg" id="8_grunt"]

[sub_resource type="StandardMaterial3D" id="StandardMaterial3D_rbebl"]
albedo_color = Color(0.17596108, 0.3234396, 0.679836, 1)

[sub_resource type="CapsuleMesh" id="CapsuleMesh_qty17"]
material = SubResource("StandardMaterial3D_rbebl")

[sub_resource type="StandardMaterial3D" id="StandardMaterial3D_pkqou"]
albedo_color = Color(0.1764706, 0.32156864, 0.6784314, 1)

[sub_resource type="CapsuleShape3D" id="CapsuleShape3D_pkqou"]

[node name="enemy" type="CharacterBody3D" unique_id=1477360822]
script = ExtResource("1_qty17")

[node name="MeleeModel" parent="." instance=ExtResource("4_q7fp8")]

[node name="CollisionShape3D" type="CollisionShape3D" parent="." unique_id=1926518323]
shape = SubResource("CapsuleShape3D_pkqou")

[node name="AttackTimer" type="Timer" parent="." unique_id=379150249]
autostart = true

[node name="NavigationAgent3D" type="NavigationAgent3D" parent="." unique_id=1566223600]

[node name="DeathSound" type="AudioStreamPlayer3D" parent="." unique_id=256847087]
stream = ExtResource("2_pkqou")

[node name="AttackSound" type="AudioStreamPlayer3D" parent="."]
stream = ExtResource("8_grunt")
volume_db = -7.0
max_distance = 24.0

[node name="HealthComponent" type="Node" parent="." unique_id=941315659]
script = ExtResource("3_satqt")

[node name="Pistol" parent="." instance=ExtResource("5_pistol")]
transform = Transform3D(0.81915206, 0, 0.57357645, 0, 1, 0, -0.57357645, 0, 0.81915206, 0.34, 1.1, -0.42)

[node name="Shotgun" parent="." instance=ExtResource("6_shotgun")]
transform = Transform3D(0.9659258, 0, 0.25881904, 0, 1, 0, -0.25881904, 0, 0.9659258, 0.48, 1.18, -0.58)

[node name="Rifle" parent="." instance=ExtResource("7_rifle")]
transform = Transform3D(0.9659258, 0, 0.25881904, 0, 1, 0, -0.25881904, 0, 0.9659258, 0.5, 1.2, -0.72)
